0.5003 0.7697 0.3269 0.8945

0.3469 0.8630 0.2252 0.9375

0.2752 0.8959 0.1789 0.9468

0.2266 0.9147 0.1563 0.9556

0.2127 0.9191 0.1403 0.9575

0.1940 0.9266 0.1265 0.9639

0.1862 0.9269 0.1069 0.9688

0.1690 0.9353 0.1082 0.9644

0.1603 0.9408 0.1002 0.9727

0.1558 0.9405 0.0996 0.9673

0.1458 0.9453 0.1010 0.9658

0.1412 0.9445 0.0811 0.9775

0.1437 0.9435 0.0899 0.9702

0.1402 0.9456 0.0779 0.9746

0.1361 0.9471 0.0832 0.9731

0.1314 0.9525 0.0890 0.9712

0.1251 0.9530 0.0813 0.9746

0.1365 0.9448 0.0756 0.9780

0.1255 0.9497 0.0783 0.9746

0.1209 0.9550 0.0726 0.9746

0.1218 0.9520 0.0862 0.9663

0.1195 0.9507 0.0723 0.9790

0.1192 0.9514 0.0704 0.9771

0.1193 0.9547 0.0780 0.9746

0.1123 0.9571 0.0658 0.9775

0.1068 0.9566 0.0655 0.9741

0.1149 0.9547 0.0737 0.9731

0.1094 0.9576 0.0686 0.9785

0.1162 0.9515 0.0647 0.9780

0.1073 0.9568 0.0694 0.9736

0.1132 0.9551 0.0634 0.9785

0.1139 0.9509 0.0702 0.9766

0.1080 0.9560 0.0665 0.9775

0.1046 0.9574 0.0651 0.9780

0.1041 0.9587 0.0639 0.9756

0.1111 0.9554 0.0687 0.9766

0.0999 0.9601 0.0676 0.9761

0.1071 0.9557 0.0618 0.9761

0.1097 0.9563 0.0615 0.9771

0.1104 0.9571 0.0675 0.9771

0.1086 0.9586 0.0634 0.9785

0.0995 0.9633 0.0651 0.9785

0.0935 0.9623 0.0619 0.9800

0.0971 0.9587 0.0655 0.9790

0.0961 0.9626 0.0640 0.9761

0.1086 0.9542 0.0618 0.9795

0.1015 0.9596 0.0612 0.9805

0.1088 0.9562 0.0576 0.9800

0.1066 0.9578 0.0665 0.9741

0.0966 0.9614 0.0712 0.9746

