
0.7541 0.5514 0.6695 0.5807

0.6671 0.5910 0.6865 0.6327

0.6315 0.6315 0.5794 0.6895

0.6074 0.6647 0.5705 0.7253

0.5823 0.6982 0.5693 0.7065

0.5495 0.7262 0.5521 0.7120

0.5139 0.7502 0.4623 0.7840

0.4725 0.7793 0.4772 0.8035

0.4281 0.8007 0.4302 0.8150

0.3811 0.8305 0.2760 0.8788

0.3524 0.8432 0.3843 0.8685

0.3247 0.8602 0.2980 0.8648

0.2936 0.8726 0.2983 0.8760

0.2848 0.8799 0.2066 0.9125

0.2626 0.8873 0.1936 0.9197

0.2594 0.8920 0.3131 0.8715

0.2411 0.9001 0.2387 0.8940

0.2309 0.9041 0.2188 0.9070

0.2275 0.9062 0.1895 0.9205

0.2216 0.9083 0.4235 0.8280

0.2093 0.9095 0.1861 0.9185

0.2021 0.9177 0.2715 0.8863

0.1954 0.9189 0.1897 0.9210

0.1876 0.9222 0.1378 0.9413

0.1816 0.9267 0.1436 0.9410

0.1778 0.9283 0.1928 0.9155

0.1699 0.9311 0.1955 0.9160

0.1729 0.9288 0.1421 0.9400

0.1683 0.9308 0.1314 0.9450

0.1591 0.9350 0.1372 0.9427

0.1556 0.9388 0.2067 0.9130

0.1495 0.9377 0.2487 0.9045

0.1492 0.9403 0.1472 0.9385

0.1502 0.9369 0.1402 0.9405

0.1425 0.9449 0.1009 0.9572

0.1411 0.9430 0.1279 0.9452

0.1351 0.9460 0.1081 0.9567

0.1357 0.9464 0.1214 0.9488

0.1286 0.9457 0.1302 0.9440

0.1316 0.9470 0.1502 0.9430

0.1276 0.9471 0.2039 0.9172

0.1243 0.9505 0.1312 0.9467

0.1233 0.9491 0.1484 0.9370

0.1211 0.9525 0.1107 0.9520

0.1149 0.9543 0.1198 0.9545

0.1134 0.9558 0.1246 0.9565

0.1116 0.9553 0.1257 0.9500

0.1132 0.9544 0.1040 0.9538

0.1093 0.9578 0.1068 0.9575

0.1055 0.9581 0.1126 0.9538

