0.3727 0.8357 0.2924 0.8780

0.3630 0.8412 0.3356 0.8535

0.3621 0.8425 0.2776 0.8825

0.3652 0.8416 0.2860 0.8840

0.3561 0.8429 0.2775 0.8815

0.3520 0.8427 0.3027 0.8840

0.3562 0.8476 0.2897 0.8773

0.3464 0.8518 0.2847 0.8788

0.3559 0.8457 0.2675 0.8873

0.3427 0.8478 0.2851 0.8792

0.3446 0.8503 0.2755 0.8848

0.3412 0.8545 0.2706 0.8865

0.3391 0.8537 0.2711 0.8850

0.3387 0.8522 0.2950 0.8725

0.3367 0.8562 0.2565 0.8917

0.3356 0.8557 0.2587 0.8942

0.3211 0.8615 0.2599 0.8913

0.3311 0.8561 0.2449 0.8928

0.3332 0.8554 0.2490 0.8938

0.3263 0.8600 0.2612 0.8930

0.3209 0.8654 0.2452 0.8955

0.3201 0.8593 0.2507 0.8972

0.3193 0.8618 0.2718 0.8928

0.3208 0.8612 0.2626 0.8907

0.3227 0.8633 0.2404 0.8997

0.3172 0.8632 0.2548 0.8907

0.3107 0.8672 0.2337 0.9032

0.3082 0.8673 0.2333 0.8975

0.3074 0.8711 0.2837 0.8842

0.2997 0.8731 0.2609 0.8852

0.3175 0.8615 0.2478 0.8972

0.3066 0.8708 0.2500 0.8947

0.3109 0.8702 0.2480 0.9045

0.3055 0.8737 0.2691 0.8823

0.3041 0.8717 0.2335 0.9080

0.2979 0.8718 0.2478 0.8965

0.2972 0.8743 0.2445 0.8988

0.3004 0.8715 0.2638 0.8920

0.2939 0.8768 0.2575 0.8920

0.2893 0.8778 0.2373 0.9018

0.2822 0.8817 0.2245 0.9040

0.2886 0.8786 0.2755 0.8867

0.2897 0.8775 0.2354 0.9007

0.2889 0.8794 0.2266 0.9050

0.2928 0.8777 0.2414 0.8995

0.2783 0.8827 0.2446 0.8965

0.2812 0.8840 0.2306 0.9003

0.2809 0.8808 0.2375 0.9047

0.2831 0.8761 0.2218 0.9018

0.2770 0.8852 0.2218 0.9060

