
0.1117 0.9597 0.1588 0.9438

0.1094 0.9603 0.1346 0.9548

0.1039 0.9628 0.6618 0.8025

0.1030 0.9629 0.1140 0.9610

0.1107 0.9608 0.1087 0.9620

0.1032 0.9619 0.1146 0.9570

0.1039 0.9622 0.0857 0.9730

0.0934 0.9675 0.1081 0.9578

0.0977 0.9655 0.0973 0.9668

0.0929 0.9679 0.1473 0.9440

0.0929 0.9680 0.0813 0.9695

0.0890 0.9675 0.0868 0.9697

0.0988 0.9641 0.0978 0.9640

0.0878 0.9692 0.1126 0.9575

0.0870 0.9705 0.0882 0.9690

0.0887 0.9681 0.1599 0.9398

0.0787 0.9722 0.1032 0.9630

0.0829 0.9728 0.1400 0.9440

0.0837 0.9717 0.1234 0.9578

0.0854 0.9701 0.1103 0.9585

0.0816 0.9722 0.0919 0.9690

0.0793 0.9703 0.1540 0.9470

0.0790 0.9742 0.1885 0.9310

0.0772 0.9731 0.1462 0.9417

0.0750 0.9754 0.0885 0.9685

0.0736 0.9743 0.1058 0.9610

0.0793 0.9731 0.0841 0.9712

0.0699 0.9773 0.0994 0.9643

0.0731 0.9743 0.0870 0.9695

0.0714 0.9747 0.0922 0.9682

0.0750 0.9747 0.0944 0.9668

0.0671 0.9783 0.1781 0.9337

0.0674 0.9787 0.0995 0.9670

0.0731 0.9759 0.2041 0.9260

0.0605 0.9812 0.0979 0.9635

0.0668 0.9781 0.1105 0.9595

0.0639 0.9781 0.0965 0.9655

0.0668 0.9785 0.0972 0.9628

0.0611 0.9805 0.1032 0.9638

0.0709 0.9772 0.1055 0.9582

0.0647 0.9787 0.1258 0.9570

0.0659 0.9793 0.0928 0.9678

0.0558 0.9822 0.1435 0.9505

0.0607 0.9800 0.1099 0.9580

0.0555 0.9828 0.0885 0.9678

0.0584 0.9809 0.0867 0.9697

0.0577 0.9830 0.1595 0.9442

0.0582 0.9814 0.0806 0.9722

0.0549 0.9830 0.1525 0.9523

0.0556 0.9808 0.1519 0.9575



