0.5817 0.9553 0.5809 0.9440

0.5247 0.9563 0.5389 0.9445

0.4820 0.9613 0.5038 0.9490

0.4531 0.9635 0.4912 0.9475

0.4309 0.9662 0.4765 0.9470

0.4024 0.9725 0.4447 0.9500

0.3946 0.9688 0.4374 0.9515

0.3805 0.9682 0.4186 0.9540

0.3555 0.9737 0.4247 0.9470

0.3527 0.9708 0.4218 0.9410

0.3283 0.9783 0.3987 0.9485

0.3212 0.9770 0.3989 0.9495

0.3026 0.9825 0.3909 0.9500

0.2949 0.9815 0.3860 0.9525

0.2859 0.9818 0.4193 0.9410

0.2769 0.9835 0.3772 0.9480

0.2734 0.9802 0.4229 0.9380

0.2689 0.9803 0.3450 0.9525

0.2488 0.9858 0.3370 0.9520

0.2458 0.9833 0.3436 0.9525

0.2436 0.9827 0.3387 0.9500

0.2377 0.9845 0.3330 0.9535

0.2252 0.9872 0.3467 0.9500

0.2195 0.9878 0.3558 0.9480

0.2153 0.9855 0.3196 0.9525

0.2039 0.9893 0.3409 0.9510

0.2127 0.9843 0.3357 0.9440

0.1969 0.9890 0.3088 0.9510

0.1903 0.9900 0.3145 0.9530

0.1850 0.9912 0.3181 0.9450

0.1874 0.9870 0.3166 0.9455

0.1811 0.9887 0.3145 0.9490

0.1783 0.9883 0.2786 0.9560

0.1696 0.9902 0.3106 0.9490

0.1695 0.9902 0.2795 0.9520

0.1602 0.9925 0.2876 0.9515

0.1589 0.9903 0.3165 0.9465

0.1537 0.9907 0.2934 0.9525

0.1475 0.9925 0.3007 0.9485

0.1461 0.9920 0.3136 0.9445

0.1452 0.9903 0.3031 0.9475

0.1402 0.9910 0.3027 0.9430

0.1379 0.9910 0.2664 0.9555

0.1393 0.9900 0.2427 0.9590

0.1274 0.9927 0.2659 0.9535

0.1288 0.9917 0.2476 0.9555

0.1274 0.9913 0.2400 0.9555

0.1220 0.9918 0.2281 0.9570

0.1187 0.9922 0.2518 0.9510

0.1117 0.9942 0.2772 0.9510
