
0.6824 0.5761 0.6211 0.6463

0.6415 0.6158 0.6058 0.6678

0.6110 0.6565 0.5496 0.7205

0.5591 0.7114 0.5360 0.7387

0.5181 0.7442 0.4846 0.7730

0.4846 0.7652 0.5000 0.7580

0.4439 0.7897 0.4075 0.8190

0.4084 0.8137 0.3613 0.8347

0.3717 0.8342 0.3267 0.8568

0.3496 0.8452 0.3124 0.8590

0.3315 0.8515 0.3248 0.8478

0.3125 0.8633 0.2581 0.8885

0.3076 0.8653 0.2731 0.8808

0.2858 0.8728 0.2466 0.8910

0.2805 0.8783 0.2840 0.8723

0.2743 0.8814 0.2864 0.8715

0.2619 0.8878 0.2371 0.8947

0.2538 0.8879 0.2595 0.8892

0.2531 0.8913 0.2449 0.8992

0.2488 0.8948 0.2428 0.9032

0.2438 0.8944 0.2351 0.8923

0.2335 0.9010 0.2729 0.8780

0.2310 0.9031 0.1998 0.9140

0.2178 0.9056 0.2241 0.8963

0.2224 0.9062 0.1950 0.9155

0.2178 0.9082 0.2548 0.8882

0.2130 0.9097 0.2417 0.8945

0.2143 0.9097 0.1940 0.9128

0.2073 0.9154 0.1767 0.9220

0.2005 0.9137 0.2380 0.9035

0.2056 0.9159 0.2090 0.9100

0.1943 0.9171 0.2363 0.8953

0.1923 0.9167 0.1963 0.9100

0.1915 0.9188 0.1883 0.9295

0.1838 0.9240 0.2098 0.9062

0.1809 0.9239 0.2571 0.8947

0.1848 0.9234 0.1510 0.9358

0.1792 0.9273 0.1590 0.9342

0.1736 0.9283 0.1833 0.9210

0.1666 0.9344 0.2420 0.9087

0.1721 0.9287 0.2033 0.9165

0.1760 0.9264 0.1909 0.9245

0.1648 0.9319 0.1533 0.9415

0.1652 0.9332 0.1791 0.9197

0.1596 0.9319 0.1815 0.9240

0.1555 0.9385 0.1772 0.9320

0.1543 0.9365 0.2438 0.9038

0.1624 0.9330 0.1518 0.9365

0.1599 0.9343 0.1905 0.9310

0.1483 0.9409 0.1505 0.9383

