
0.2408 0.8905 0.0950 0.9645

0.1586 0.9307 0.0789 0.9695

0.1509 0.9348 0.0767 0.9730

0.1403 0.9452 0.0741 0.9700

0.1279 0.9442 0.0758 0.9720

0.1330 0.9460 0.0706 0.9735

0.1266 0.9472 0.0695 0.9750

0.1164 0.9523 0.0691 0.9760

0.1186 0.9502 0.0705 0.9750

0.1180 0.9513 0.0686 0.9770

0.1118 0.9553 0.0692 0.9750

0.1200 0.9468 0.0680 0.9710

0.1001 0.9580 0.0702 0.9690

0.1045 0.9587 0.0671 0.9710

0.0945 0.9627 0.0734 0.9710

0.0991 0.9602 0.0665 0.9730

0.1020 0.9607 0.0671 0.9730

0.1006 0.9575 0.0725 0.9710

0.0917 0.9645 0.0743 0.9710

0.0890 0.9680 0.0702 0.9725

0.0981 0.9613 0.0664 0.9715

0.0941 0.9608 0.0666 0.9675

0.0825 0.9683 0.0731 0.9705

0.0993 0.9568 0.0663 0.9735

0.0874 0.9662 0.0708 0.9720

0.0807 0.9688 0.0673 0.9745

0.0875 0.9655 0.0696 0.9715

0.0819 0.9647 0.0694 0.9700

0.0795 0.9713 0.0715 0.9720

0.0776 0.9698 0.0749 0.9695

0.0840 0.9655 0.0728 0.9720

0.0753 0.9700 0.0719 0.9730

0.0751 0.9703 0.0725 0.9665

0.0684 0.9742 0.0705 0.9705

0.0726 0.9742 0.0715 0.9715

0.0711 0.9705 0.0745 0.9710

0.0691 0.9713 0.0731 0.9700

0.0738 0.9702 0.0690 0.9725

0.0724 0.9710 0.0628 0.9745

0.0630 0.9758 0.0661 0.9755

0.0718 0.9728 0.0723 0.9710

0.0674 0.9738 0.0695 0.9720

0.0703 0.9742 0.0704 0.9730

0.0717 0.9717 0.0689 0.9750

0.0671 0.9728 0.0691 0.9740

0.0693 0.9717 0.0752 0.9710

0.0607 0.9763 0.0726 0.9735

0.0639 0.9747 0.0658 0.9740

0.0691 0.9730 0.0655 0.9790

0.0562 0.9795 0.0649 0.9735

